$ 1 0.000005 9.78399845368213 56 5 43 5e-11
R -144 224 -208 224 0 1 100 1 2.5 3.141592653589793 0.5
R -144 128 -208 128 0 1 100 1 2.5 0 0.5
p -144 128 -176 -16 3 0 0
p -144 224 -192 384 3 0 0
409 64 176 176 176 1 0.6 -0.5303544397185012 0.0231 0
R 112 144 112 80 0 0 40 5 0 0 0.5
g 112 208 112 256 0 0
c -144 128 -64 128 0 0.00001 0.2960979217005191 0.001
c -144 224 -64 224 0 0.00001 -0.07749290056381342 0.001
r -64 128 64 160 0 1000
r -64 224 64 192 0 1000
p 176 176 240 320 3 0 0
w 64 160 64 32 0
w 176 176 176 32 0
r 64 32 176 32 0 1000
c 64 -16 176 -16 0 0.00001 0.21849335124221314 0.001
w 176 -16 176 32 0
w 64 -16 64 32 0
r 176 176 320 176 0 220
409 320 160 432 160 1 0.6 -0.753608861589212 0.0231 0
g 368 192 368 272 0 0
R 368 128 368 64 0 0 40 5 0 0 0.5
w 432 160 432 16 0
w 432 16 320 16 0
w 320 16 320 144 0
c 432 160 528 160 0 0.00001 2.509124741947489 0.001
r 528 160 624 160 0 220
p 624 160 688 304 3 0 0
R -64 176 -176 176 0 0 40 2.5 0 0 0.5
r -64 128 -64 176 0 1000
r -64 176 -64 224 0 1000
g 688 304 688 352 0 0
r 528 160 528 224 0 10000
g 528 224 528 304 0 0
o 2 64 0 4098 5 0.1 0 2 3 0
o 11 64 0 4098 5 0.1 1 2 27 0
