$ 1 0.0000026041666666666666 21.593987231061412 50 5 43 5e-11
p -16 320 -16 368 3 0 0
v -96 320 -16 320 0 1 200 1.25 0 0 0.5
p -16 128 -16 176 3 0 0
g -16 368 -16 400 0 0
g -16 176 -16 208 0 0
v -96 128 -16 128 0 1 200 1.25 0 3.141592653589793 0.5
c 336 128 208 128 0 4.7e-10 0.9723386087211563 0.001
w 512 224 576 224 0
g 512 304 512 336 0 0
g 576 272 576 304 0 0
p 576 224 576 272 3 0 0
R -96 128 -144 128 0 0 40 2.5 0 0 0.5
R -96 320 -144 320 0 0 40 2.5 0 0 0.5
w -16 128 64 128 0
w -16 320 64 320 0
r 64 128 144 128 0 4420
r 64 320 144 320 0 1330
w 144 128 144 64 0
w 144 320 144 384 0
c 144 64 64 64 0 2.2e-9 2.7754261355450063 0.001
c 144 384 64 384 0 6.8000000000000005e-9 2.7720880149934306 0.001
g 64 432 64 464 0 0
g 64 64 64 96 0 0
c 336 320 208 320 0 1.5000000000000002e-9 -2.7728626345376783 0.001
w 144 240 144 320 0
w 144 128 144 208 0
w 208 128 208 208 0
w 208 240 208 320 0
w 336 224 336 128 0
w 336 128 336 64 0
r 336 64 144 64 0 4990
w 336 320 336 384 0
g 336 384 336 416 0 0
209 240 384 336 384 0 0.000022 2.4093978417765127 0.001 1
r 144 384 240 384 0 1500
r 64 384 64 432 0 1
209 336 224 432 224 0 0.000022 0.31015786988623706 0.001 1
r 432 224 512 224 0 560
r 512 224 512 304 0 47000
r 144 208 208 208 0 2320
r 144 240 208 240 0 715
a 208 224 336 224 8 15 -15 1000000 2.7728251828997625 2.7728626345376783 100000
o 2 64 0 4098 5 0.1 0 2 0 0
o 10 64 0 4098 10 0.1 1 1
