$ 1 0.000005 75.37042125545614 50 5 43 5e-11
p -16 320 -16 368 3 0 0
v -96 320 -16 320 0 1 200 1.4 0 0 0.5
209 112 224 112 272 0 1e-8 2.4999999513654867 0.001 1
p -16 128 -16 176 3 0 0
g -16 368 -16 400 0 0
g -16 176 -16 208 0 0
v -96 128 -16 128 0 1 200 1.4 0 3.141592653589793 0.5
r 48 128 48 224 0 10000
r 48 224 48 320 0 10000
R 176 224 224 224 0 0 40 2.5 0 0 0.5
g 112 272 112 288 0 0
w 176 128 48 128 0
w 48 320 288 320 0
209 48 128 -16 128 0 0.000009999999999999999 2.495060942869038 0.001 1
209 48 320 -16 320 0 0.000009999999999999999 2.5044525175103605 0.001 1
w 304 112 304 16 0
w 176 96 176 16 0
c 304 16 176 16 0 4.7e-10 -0.00036413430699466787 0.001
r 304 112 368 112 0 91
w 368 112 368 -16 0
r 368 -16 176 -16 0 634
w 176 -16 176 16 0
w 288 176 288 208 0
r 480 176 288 176 0 634
w 480 304 480 176 0
r 416 304 480 304 0 91
c 416 208 288 208 0 4.7e-10 0.00036413430699511196 0.001
w 288 288 288 208 0
w 416 304 416 208 0
w 368 112 560 112 0
w 480 304 560 304 0
c 560 112 560 304 0 2.6999999999999998e-9 2.538880346290467 0.001
w 560 112 624 112 0
w 560 304 624 304 0
g 624 352 624 384 0 0
p 624 304 624 352 3 0 0
g 624 160 624 192 0 0
p 624 112 624 160 3 0 0
r 112 224 48 224 0 1
r 176 224 112 224 0 1
g -96 320 -96 352 0 0
g -96 128 -96 160 0 0
a 288 304 416 304 8 15 -15 1000000 1.2302918533183496 1.2303041598782258 100000
a 176 112 304 112 8 15 -15 1000000 3.7691716124263315 3.7692093005011125 100000
o 3 64 0 12290 1.4000000000000006 0.0001 0 2 0 0
o 37 64 0 143618 3.899672012995529 0.0001 1 2 35 0
