$ 1 0.000005 4.252108200006279 50 5 43 5e-11
c 96 128 176 128 0 0.00001 -1.9445015938629198 0.001
r 176 128 256 128 0 10000
409 256 144 384 144 1 0.6 -2.566593467603207 0.0231 0
r 256 32 384 32 0 10000
c 256 -16 384 -16 0 3.3e-10 -0.5607910274472503 0.001
w 256 32 256 128 0
w 256 32 256 -16 0
w 384 -16 384 32 0
w 384 32 384 144 0
R 320 112 320 64 0 0 40 5 0 0 0.5
r 384 144 496 144 0 1000
R 256 208 256 288 0 0 40 2.5 0 0 0.5
R 320 176 320 256 0 0 40 0 0 0 0.5
w 256 160 256 208 0
p -48 128 -48 208 3 0 0
p 496 144 496 224 3 0 0
g 496 224 496 256 0 0
v 64 208 64 128 0 1 200 1 0 0 0.5
w 64 128 96 128 0
w -48 128 64 128 0
w -48 208 64 208 0
w 64 208 320 176 0
209 176 80 96 80 0 0.00001 0.001 0.001 1
o 14 64 0 135170 5 0.1 0 1
o 15 64 0 143362 4.4243537364632415 0.0001 1 1
