$ 1 0.000005 7.308818067910767 50 5 43 5e-11
r -144 128 -64 128 0 10000
r -144 224 -64 224 0 10000
c -64 128 -64 224 0 1.5e-9 -0.0002171496151386343 0.001
r -64 128 96 160 0 1000
r -64 224 96 192 0 1000
409 96 176 240 176 1 0.6 -3.6623704155497308 0.0231 0
r -64 224 -64 336 0 5000
g -64 336 -64 384 0 0
c 96 192 96 336 0 4.7e-10 0.9953054541763595 0.001
g 96 336 96 384 0 0
g 160 320 160 384 0 0
w 160 208 448 208 0
w 160 144 256 144 0
w 256 144 448 144 0
209 256 256 256 336 0 0.00001 3.2999996790491677 0.001 1
g 256 336 256 384 0 0
r 240 176 784 176 0 100
w 240 176 240 96 0
c 240 96 96 96 0 4.7e-10 -0.009024194891392279 0.001
w 96 96 96 160 0
w 240 96 240 48 0
r 240 48 -64 48 0 5000
w -64 48 -64 128 0
R -144 224 -208 224 0 1 40 2 2 3.141592653589793 0.5
R -144 128 -208 128 0 1 40 2 2 0 0.5
209 160 320 160 272 0 0.00001 3.2999996790491677 0.001 1
p -144 128 -176 -16 3 0 0
p -144 224 -192 384 3 0 0
p 784 176 944 304 3 0 0
R 448 144 464 96 0 0 40 3.3 0 0 0.5
R 448 208 464 256 0 0 40 -3.3 0 0 0.5
r 256 256 256 144 0 10000
r 160 208 160 272 0 10000
o 26 64 0 4098 5 0.1 0 2 27 0
o 28 64 0 4098 5 0.1 1 1
