$ 1 0.000005 9.78399845368213 56 5 43 5e-11
R -144 288 -208 288 0 1 100 1 2.5 3.141592653589793 0.5
R -144 128 -208 128 0 1 100 1 2.5 0 0.5
p -144 128 -224 0 3 0 0
p -144 288 -192 448 3 0 0
409 -96 112 16 112 1 0.6 -0.9211116317722445 0.0231 0
R -48 80 -48 16 0 0 40 5 0 0 0.5
g -48 144 -48 160 0 0
p 224 224 288 368 3 0 0
p 624 160 688 304 3 0 0
R -208 240 -320 240 0 0 40 2.5 0 0 0.5
g 688 304 688 352 0 0
w -144 128 -96 128 0
w 16 112 16 -16 0
w -96 96 -96 -16 0
w 16 112 16 192 0
r 16 256 -112 256 0 1000
r 16 192 16 256 0 1000
r 16 -16 -96 -16 0 1000
409 -112 320 0 320 1 0.6 -0.23541452724091017 0.0231 0
o 2 64 0 4098 5 0.1 0 2 3 0
o 7 64 0 4098 0.0000762939453125 0.1 1 2 8 0
